0.000000 -0.588183 -0.293585 0.340516 0.0 0.0 0.0 1.0
1.000000 -0.302467 0.339398 -0.127001 0.0 0.0 0.0 1.0
2.000000 0.161049 0.944911 -0.666358 0.0 0.0 0.0 1.0
3.000000 0.684943 1.569357 -1.238903 0.0 0.0 0.0 1.0
4.000000 1.054481 2.377731 -1.813092 0.0 0.0 0.0 1.0
5.000000 1.570769 3.218231 -2.297270 0.0 0.0 0.0 1.0
6.000000 2.229785 4.006641 -2.789747 0.0 0.0 0.0 1.0
7.000000 2.817613 4.548190 -3.656967 0.0 0.0 0.0 1.0
8.000000 3.476205 5.385928 -4.249401 0.0 0.0 0.0 1.0
9.000000 4.087219 4.561286 -3.538981 0.0 0.0 0.0 1.0
10.000000 4.720054 5.416426 -4.245769 0.0 0.0 0.0 1.0
11.000000 5.295685 6.333171 -4.926708 0.0 0.0 0.0 1.0
12.000000 5.922436 7.318442 -5.452103 0.0 0.0 0.0 1.0
13.000000 6.409749 8.376502 -5.996092 0.0 0.0 0.0 1.0
14.000000 7.142684 9.167104 -6.706001 0.0 0.0 0.0 1.0
15.000000 7.873853 10.044666 -7.313097 0.0 0.0 0.0 1.0
16.000000 8.479633 10.933447 -8.036616 0.0 0.0 0.0 1.0
17.000000 9.383267 11.736194 -8.505337 0.0 0.0 0.0 1.0
18.000000 10.153370 12.567984 -9.134621 0.0 0.0 0.0 1.0
19.000000 10.916943 13.369787 -9.809641 0.0 0.0 0.0 1.0
20.000000 11.637213 14.251880 -10.430412 0.0 0.0 0.0 1.0
21.000000 12.281787 15.174391 -11.080202 0.0 0.0 0.0 1.0
22.000000 12.832026 16.141922 -11.755745 0.0 0.0 0.0 1.0
23.000000 13.613152 16.984345 -12.370472 0.0 0.0 0.0 1.0
24.000000 14.113321 17.992836 -13.028492 0.0 0.0 0.0 1.0
25.000000 14.755604 18.902477 -13.708720 0.0 0.0 0.0 1.0
26.000000 15.242665 19.936120 -14.340786 0.0 0.0 0.0 1.0
27.000000 16.086488 20.823753 -14.796496 0.0 0.0 0.0 1.0
28.000000 17.157413 21.563338 -14.923716 0.0 0.0 0.0 1.0
29.000000 17.701810 22.692489 -15.302020 0.0 0.0 0.0 1.0
30.000000 18.108913 23.795937 -15.881287 0.0 0.0 0.0 1.0
31.000000 18.581356 24.949923 -16.355676 0.0 0.0 0.0 1.0
32.000000 18.909904 26.180328 -16.824934 0.0 0.0 0.0 1.0
33.000000 19.530117 27.337975 -17.350651 0.0 0.0 0.0 1.0
34.000000 20.164126 28.582897 -17.814473 0.0 0.0 0.0 1.0
35.000000 20.775550 29.960343 -18.295176 0.0 0.0 0.0 1.0
36.000000 21.284173 31.484863 -18.823265 0.0 0.0 0.0 1.0
37.000000 21.887772 32.978817 -19.566418 0.0 0.0 0.0 1.0
38.000000 22.580508 34.624002 -20.078718 0.0 0.0 0.0 1.0
39.000000 23.407997 36.277390 -20.542933 0.0 0.0 0.0 1.0
40.000000 23.916237 38.040691 -21.218340 0.0 0.0 0.0 1.0
41.000000 24.463852 39.882666 -21.594199 0.0 0.0 0.0 1.0
42.000000 25.130562 41.693520 -21.941553 0.0 0.0 0.0 1.0
43.000000 25.798626 43.451520 -22.498074 0.0 0.0 0.0 1.0
44.000000 26.562937 45.235499 -22.784575 0.0 0.0 0.0 1.0
45.000000 27.430376 46.906294 -23.342278 0.0 0.0 0.0 1.0
46.000000 28.102292 48.702271 -23.771510 0.0 0.0 0.0 1.0
47.000000 28.955442 50.383954 -24.331645 0.0 0.0 0.0 1.0
48.000000 29.507116 52.206406 -24.834070 0.0 0.0 0.0 1.0
49.000000 30.038231 54.063162 -25.228028 0.0 0.0 0.0 1.0
50.000000 30.689703 55.841512 -25.779943 0.0 0.0 0.0 1.0
51.000000 31.260713 57.695819 -26.141639 0.0 0.0 0.0 1.0
52.000000 31.389297 59.630603 -26.514709 0.0 0.0 0.0 1.0
53.000000 31.477709 61.583882 -26.791216 0.0 0.0 0.0 1.0
54.000000 31.514010 63.538773 -27.068937 0.0 0.0 0.0 1.0
55.000000 31.460892 65.512586 -27.191245 0.0 0.0 0.0 1.0
56.000000 31.281556 67.476132 -27.390614 0.0 0.0 0.0 1.0
57.000000 30.712702 69.370174 -27.338388 0.0 0.0 0.0 1.0
58.000000 30.481928 71.329300 -27.245572 0.0 0.0 0.0 1.0
59.000000 30.169939 73.274256 -27.106359 0.0 0.0 0.0 1.0
60.000000 29.647643 75.176116 -27.007826 0.0 0.0 0.0 1.0
61.000000 29.057777 77.052194 -26.829048 0.0 0.0 0.0 1.0
62.000000 28.657989 78.925702 -26.349765 0.0 0.0 0.0 1.0
63.000000 30.094274 78.297630 -25.148855 0.0 0.0 0.0 1.0
64.000000 29.150687 79.966698 -24.676172 0.0 0.0 0.0 1.0
65.000000 28.247524 81.630602 -24.114663 0.0 0.0 0.0 1.0
66.000000 27.174083 83.176443 -23.516604 0.0 0.0 0.0 1.0
67.000000 25.771356 84.445065 -22.948688 0.0 0.0 0.0 1.0
68.000000 24.708717 85.926579 -22.190080 0.0 0.0 0.0 1.0
69.000000 23.787795 87.337232 -21.159771 0.0 0.0 0.0 1.0
70.000000 22.535765 88.593602 -20.291710 0.0 0.0 0.0 1.0
71.000000 21.393430 89.711545 -19.132036 0.0 0.0 0.0 1.0
72.000000 20.488706 90.983319 -17.922226 0.0 0.0 0.0 1.0
73.000000 19.214050 92.243047 -17.092821 0.0 0.0 0.0 1.0
74.000000 17.931450 93.333802 -16.060948 0.0 0.0 0.0 1.0
75.000000 16.542688 94.259643 -15.005613 0.0 0.0 0.0 1.0
76.000000 15.073193 94.974563 -13.896989 0.0 0.0 0.0 1.0
77.000000 13.465927 95.481260 -12.867655 0.0 0.0 0.0 1.0
78.000000 11.863160 96.048559 -11.863224 0.0 0.0 0.0 1.0
79.000000 10.173212 96.430990 -10.908477 0.0 0.0 0.0 1.0
80.000000 8.596973 96.823545 -9.763495 0.0 0.0 0.0 1.0
81.000000 6.943791 96.943269 -8.667014 0.0 0.0 0.0 1.0
82.000000 5.346396 96.833825 -7.489745 0.0 0.0 0.0 1.0
83.000000 3.706309 96.737003 -6.371552 0.0 0.0 0.0 1.0
84.000000 2.108992 96.794294 -5.190490 0.0 0.0 0.0 1.0
85.000000 0.550524 96.769884 -3.957528 0.0 0.0 0.0 1.0
86.000000 -1.053782 96.586559 -2.798992 0.0 0.0 0.0 1.0
87.000000 -2.603379 96.058925 -1.672064 0.0 0.0 0.0 1.0
88.000000 -4.149369 95.551612 -0.530940 0.0 0.0 0.0 1.0
89.000000 -5.560536 94.713431 0.589627 0.0 0.0 0.0 1.0
90.000000 -6.967634 93.851417 1.697157 0.0 0.0 0.0 1.0
91.000000 -8.331129 92.943867 2.822700 0.0 0.0 0.0 1.0
92.000000 -9.744531 92.016367 3.867521 0.0 0.0 0.0 1.0
93.000000 -11.202536 91.324657 5.027422 0.0 0.0 0.0 1.0
94.000000 -12.539390 90.305110 6.088549 0.0 0.0 0.0 1.0
95.000000 -13.897229 89.286800 7.141445 0.0 0.0 0.0 1.0
96.000000 -15.263108 88.311980 8.231096 0.0 0.0 0.0 1.0
97.000000 -16.567067 87.219665 9.294474 0.0 0.0 0.0 1.0
98.000000 -17.915030 86.167768 10.376939 0.0 0.0 0.0 1.0
99.000000 -19.131526 85.039463 11.535509 0.0 0.0 0.0 1.0
100.000000 -20.494494 84.048857 12.656331 0.0 0.0 0.0 1.0
101.000000 -21.821757 83.053835 13.815436 0.0 0.0 0.0 1.0
102.000000 -23.067734 82.301292 15.213742 0.0 0.0 0.0 1.0
103.000000 -24.271460 81.563917 16.656436 0.0 0.0 0.0 1.0
104.000000 -25.868808 81.306889 17.863272 0.0 0.0 0.0 1.0
105.000000 -27.447385 81.243750 19.114953 0.0 0.0 0.0 1.0
106.000000 -29.029257 81.497181 20.283607 0.0 0.0 0.0 1.0
107.000000 -30.565955 81.906267 21.446326 0.0 0.0 0.0 1.0
108.000000 -32.065394 82.647420 22.465731 0.0 0.0 0.0 1.0
109.000000 -33.739734 83.507354 22.925060 0.0 0.0 0.0 1.0
110.000000 -35.391525 84.420287 22.881340 0.0 0.0 0.0 1.0
111.000000 -36.982476 85.254698 22.428809 0.0 0.0 0.0 1.0
112.000000 -38.290327 86.427953 21.914641 0.0 0.0 0.0 1.0
113.000000 -39.285339 87.764260 21.207459 0.0 0.0 0.0 1.0
114.000000 -39.628819 89.329354 20.437051 0.0 0.0 0.0 1.0
115.000000 -38.950814 90.855068 19.947542 0.0 0.0 0.0 1.0
116.000000 -37.957177 92.268253 19.938792 0.0 0.0 0.0 1.0
117.000000 -36.802386 93.524087 20.133640 0.0 0.0 0.0 1.0
118.000000 -35.591751 94.585916 20.729884 0.0 0.0 0.0 1.0
119.000000 -34.272608 95.515874 21.316117 0.0 0.0 0.0 1.0
120.000000 -32.942286 96.552140 21.691454 0.0 0.0 0.0 1.0
121.000000 -31.556172 97.561837 21.985247 0.0 0.0 0.0 1.0
122.000000 -30.047074 98.495544 22.094068 0.0 0.0 0.0 1.0
123.000000 -28.482007 99.441938 22.076797 0.0 0.0 0.0 1.0
124.000000 -26.906061 100.409304 21.963900 0.0 0.0 0.0 1.0
125.000000 -25.347040 101.292509 21.361865 0.0 0.0 0.0 1.0
126.000000 -23.848569 101.895703 20.380140 0.0 0.0 0.0 1.0
127.000000 -22.422147 102.187136 19.174558 0.0 0.0 0.0 1.0
128.000000 -20.960214 102.565125 18.037492 0.0 0.0 0.0 1.0
129.000000 -19.500906 102.658204 16.839661 0.0 0.0 0.0 1.0
130.000000 -17.817841 102.585144 15.982342 0.0 0.0 0.0 1.0
131.000000 -16.379937 102.929714 14.804740 0.0 0.0 0.0 1.0
132.000000 -14.868505 103.073953 13.678769 0.0 0.0 0.0 1.0
133.000000 -13.307915 103.187389 12.618235 0.0 0.0 0.0 1.0
134.000000 -11.874994 103.589094 11.452726 0.0 0.0 0.0 1.0
135.000000 -10.432912 103.479545 10.235580 0.0 0.0 0.0 1.0
136.000000 -8.895745 103.691201 9.156062 0.0 0.0 0.0 1.0
137.000000 -7.304304 103.434864 8.168819 0.0 0.0 0.0 1.0
138.000000 -5.901257 103.768138 7.005832 0.0 0.0 0.0 1.0
139.000000 -4.588875 103.744101 5.705449 0.0 0.0 0.0 1.0
140.000000 -3.110767 103.316824 4.747446 0.0 0.0 0.0 1.0
141.000000 -1.729794 103.039535 3.686366 0.0 0.0 0.0 1.0
142.000000 -0.212507 103.272516 2.867419 0.0 0.0 0.0 1.0
143.000000 1.159403 103.154665 2.120244 0.0 0.0 0.0 1.0
144.000000 2.654505 103.237326 1.714611 0.0 0.0 0.0 1.0
145.000000 4.174815 103.249270 1.933909 0.0 0.0 0.0 1.0
146.000000 5.645979 103.411078 2.268140 0.0 0.0 0.0 1.0
147.000000 7.113863 103.556804 2.532029 0.0 0.0 0.0 1.0
148.000000 8.562111 103.479218 2.816095 0.0 0.0 0.0 1.0
149.000000 9.972104 103.225893 3.083132 0.0 0.0 0.0 1.0
150.000000 11.375854 103.216170 3.314740 0.0 0.0 0.0 1.0
151.000000 12.721382 103.587439 3.313700 0.0 0.0 0.0 1.0
152.000000 14.056076 103.604759 3.617093 0.0 0.0 0.0 1.0
153.000000 15.312741 103.489716 4.065816 0.0 0.0 0.0 1.0
154.000000 16.525733 103.533087 4.508771 0.0 0.0 0.0 1.0
155.000000 17.689315 103.470058 4.916722 0.0 0.0 0.0 1.0
156.000000 18.821410 103.330408 5.211206 0.0 0.0 0.0 1.0
157.000000 19.880875 103.264158 5.605339 0.0 0.0 0.0 1.0
158.000000 20.908257 103.172875 5.971939 0.0 0.0 0.0 1.0
159.000000 21.901174 103.028426 6.313872 0.0 0.0 0.0 1.0
160.000000 22.835969 102.991077 6.733246 0.0 0.0 0.0 1.0
161.000000 23.724591 102.943444 7.166113 0.0 0.0 0.0 1.0
162.000000 24.630002 102.797427 7.400710 0.0 0.0 0.0 1.0
163.000000 25.352267 102.483789 6.947772 0.0 0.0 0.0 1.0
164.000000 25.889716 102.192557 6.315962 0.0 0.0 0.0 1.0
165.000000 25.378898 102.128662 5.608747 0.0 0.0 0.0 1.0
166.000000 24.808279 102.155132 4.946277 0.0 0.0 0.0 1.0
167.000000 24.390530 102.143566 4.177822 0.0 0.0 0.0 1.0
168.000000 23.990881 102.143738 3.399714 0.0 0.0 0.0 1.0
169.000000 23.598270 101.996333 2.582808 0.0 0.0 0.0 1.0
170.000000 23.216144 101.861205 1.678576 0.0 0.0 0.0 1.0
171.000000 22.689778 101.682207 0.747380 0.0 0.0 0.0 1.0
172.000000 22.238642 101.512042 -0.327886 0.0 0.0 0.0 1.0
173.000000 21.673106 101.414323 -1.453487 0.0 0.0 0.0 1.0
174.000000 21.344456 101.189898 -2.736590 0.0 0.0 0.0 1.0
175.000000 21.034784 100.943932 -4.097752 0.0 0.0 0.0 1.0
176.000000 20.768642 100.719206 -5.541492 0.0 0.0 0.0 1.0
177.000000 20.780344 100.461023 -7.065573 0.0 0.0 0.0 1.0
178.000000 20.804365 100.456545 -8.663787 0.0 0.0 0.0 1.0
179.000000 21.001547 100.755688 -10.269021 0.0 0.0 0.0 1.0
180.000000 21.490523 100.832661 -11.882214 0.0 0.0 0.0 1.0
181.000000 22.436025 100.970954 -13.319319 0.0 0.0 0.0 1.0
182.000000 23.610103 101.067824 -14.624882 0.0 0.0 0.0 1.0
183.000000 24.855153 101.378155 -15.863394 0.0 0.0 0.0 1.0
184.000000 26.184964 101.867516 -16.970248 0.0 0.0 0.0 1.0
185.000000 27.487972 102.587114 -17.990332 0.0 0.0 0.0 1.0
186.000000 28.875697 103.480082 -18.724301 0.0 0.0 0.0 1.0
187.000000 30.233018 103.939450 -19.824480 0.0 0.0 0.0 1.0
188.000000 31.822835 104.704648 -20.212673 0.0 0.0 0.0 1.0
189.000000 33.441527 105.503571 -20.285418 0.0 0.0 0.0 1.0
190.000000 35.160183 106.059694 -20.259258 0.0 0.0 0.0 1.0
191.000000 36.720927 106.772689 -19.731153 0.0 0.0 0.0 1.0
192.000000 37.637083 107.604603 -20.997598 0.0 0.0 0.0 1.0
193.000000 38.723160 108.365525 -22.114585 0.0 0.0 0.0 1.0
194.000000 39.826353 108.922751 -23.267710 0.0 0.0 0.0 1.0
195.000000 40.434053 109.343786 -23.866877 0.0 0.0 0.0 1.0
196.000000 41.052433 109.706359 -24.492752 0.0 0.0 0.0 1.0
197.000000 41.710180 110.077925 -25.071440 0.0 0.0 0.0 1.0
198.000000 42.322561 110.505656 -25.661022 0.0 0.0 0.0 1.0
199.000000 43.259709 110.552798 -25.498940 0.0 0.0 0.0 1.0
200.000000 44.174733 110.818240 -25.490406 0.0 0.0 0.0 1.0
201.000000 45.121653 110.875644 -25.393385 0.0 0.0 0.0 1.0
202.000000 45.614759 111.219850 -26.134435 0.0 0.0 0.0 1.0
203.000000 45.851148 111.463230 -27.027962 0.0 0.0 0.0 1.0
204.000000 45.948548 111.760950 -27.939762 0.0 0.0 0.0 1.0
205.000000 46.439912 112.082046 -28.745231 0.0 0.0 0.0 1.0
206.000000 46.892637 111.777648 -27.851876 0.0 0.0 0.0 1.0
207.000000 47.878229 112.116834 -28.188725 0.0 0.0 0.0 1.0
208.000000 48.782295 112.695669 -28.516454 0.0 0.0 0.0 1.0
209.000000 49.758737 113.123298 -28.891176 0.0 0.0 0.0 1.0
210.000000 50.713186 113.639630 -29.206059 0.0 0.0 0.0 1.0
211.000000 51.636766 114.161898 -29.594592 0.0 0.0 0.0 1.0
212.000000 52.451234 114.786995 -30.066629 0.0 0.0 0.0 1.0
213.000000 53.351356 115.318981 -30.495375 0.0 0.0 0.0 1.0
214.000000 54.232477 115.844119 -30.969619 0.0 0.0 0.0 1.0
215.000000 55.003645 116.415555 -31.566120 0.0 0.0 0.0 1.0
216.000000 55.772237 116.850143 -32.273993 0.0 0.0 0.0 1.0
217.000000 56.368864 116.597259 -31.337061 0.0 0.0 0.0 1.0
218.000000 57.454958 116.979607 -31.446733 0.0 0.0 0.0 1.0
219.000000 58.544556 117.120629 -31.881194 0.0 0.0 0.0 1.0
220.000000 59.468811 117.692496 -32.400229 0.0 0.0 0.0 1.0
221.000000 60.222396 117.538344 -31.453815 0.0 0.0 0.0 1.0
222.000000 60.822547 117.335058 -30.400231 0.0 0.0 0.0 1.0
223.000000 60.167611 117.433295 -31.446870 0.0 0.0 0.0 1.0
224.000000 61.308701 117.913487 -31.612561 0.0 0.0 0.0 1.0
225.000000 62.476068 118.360803 -31.772328 0.0 0.0 0.0 1.0
226.000000 63.685377 118.722589 -31.926481 0.0 0.0 0.0 1.0
227.000000 64.910886 119.071613 -32.075436 0.0 0.0 0.0 1.0
228.000000 66.179507 119.323031 -32.122892 0.0 0.0 0.0 1.0
229.000000 67.445408 119.617184 -32.244351 0.0 0.0 0.0 1.0
230.000000 68.714805 119.931191 -32.382700 0.0 0.0 0.0 1.0
231.000000 69.978872 120.237959 -32.621552 0.0 0.0 0.0 1.0
232.000000 71.248450 120.510529 -32.903805 0.0 0.0 0.0 1.0
233.000000 72.472662 120.717984 -33.392871 0.0 0.0 0.0 1.0
234.000000 73.540978 121.052305 -34.133553 0.0 0.0 0.0 1.0
235.000000 74.589529 121.378926 -34.931717 0.0 0.0 0.0 1.0
236.000000 75.683359 121.720742 -35.712785 0.0 0.0 0.0 1.0
237.000000 76.867242 122.114220 -36.408465 0.0 0.0 0.0 1.0
238.000000 78.230017 122.548885 -36.773308 0.0 0.0 0.0 1.0
239.000000 79.717151 122.892673 -36.738609 0.0 0.0 0.0 1.0
240.000000 81.244698 123.251330 -36.715501 0.0 0.0 0.0 1.0
241.000000 82.774601 123.705491 -36.681844 0.0 0.0 0.0 1.0
242.000000 84.295331 124.203273 -36.651225 0.0 0.0 0.0 1.0
243.000000 85.785721 124.775647 -36.539566 0.0 0.0 0.0 1.0
244.000000 87.236029 125.432742 -36.377778 0.0 0.0 0.0 1.0
245.000000 88.459293 126.464682 -36.369659 0.0 0.0 0.0 1.0
246.000000 89.786388 127.251941 -35.954689 0.0 0.0 0.0 1.0
247.000000 90.576642 127.278683 -34.568656 0.0 0.0 0.0 1.0
248.000000 89.928352 126.481056 -35.786978 0.0 0.0 0.0 1.0
249.000000 89.058758 125.366066 -36.519066 0.0 0.0 0.0 1.0
250.000000 88.356841 124.254818 -37.414953 0.0 0.0 0.0 1.0
251.000000 89.500684 124.866222 -36.495403 0.0 0.0 0.0 1.0
252.000000 90.780366 125.276673 -35.645870 0.0 0.0 0.0 1.0
253.000000 91.936191 125.614649 -34.607792 0.0 0.0 0.0 1.0
254.000000 92.723141 126.147492 -33.333213 0.0 0.0 0.0 1.0
255.000000 93.336927 126.768497 -32.004110 0.0 0.0 0.0 1.0
256.000000 94.064529 128.094042 -31.510557 0.0 0.0 0.0 1.0
257.000000 94.166639 129.271286 -30.445566 0.0 0.0 0.0 1.0
258.000000 94.137034 130.456290 -29.384595 0.0 0.0 0.0 1.0
259.000000 93.899529 131.748333 -28.487379 0.0 0.0 0.0 1.0
260.000000 93.601274 133.042684 -27.609848 0.0 0.0 0.0 1.0
261.000000 93.286308 134.375804 -26.794732 0.0 0.0 0.0 1.0
262.000000 92.868643 135.679376 -25.973543 0.0 0.0 0.0 1.0
263.000000 92.284068 136.951403 -25.206525 0.0 0.0 0.0 1.0
264.000000 91.529173 138.198574 -24.556299 0.0 0.0 0.0 1.0
265.000000 90.694981 139.450540 -24.022632 0.0 0.0 0.0 1.0
266.000000 89.796033 140.633484 -23.439236 0.0 0.0 0.0 1.0
267.000000 88.951993 141.844067 -22.836948 0.0 0.0 0.0 1.0
268.000000 88.134247 143.099184 -22.299757 0.0 0.0 0.0 1.0
269.000000 87.247444 144.316804 -21.790657 0.0 0.0 0.0 1.0
270.000000 86.381308 145.542951 -21.266913 0.0 0.0 0.0 1.0
271.000000 85.506132 146.768812 -20.758739 0.0 0.0 0.0 1.0
272.000000 84.654780 148.044385 -20.341092 0.0 0.0 0.0 1.0
273.000000 83.774740 149.291414 -19.899123 0.0 0.0 0.0 1.0
274.000000 82.910726 150.541619 -19.442949 0.0 0.0 0.0 1.0
275.000000 82.091736 151.788070 -18.909461 0.0 0.0 0.0 1.0
276.000000 81.272961 153.064609 -18.460977 0.0 0.0 0.0 1.0
277.000000 80.428372 154.334903 -18.050745 0.0 0.0 0.0 1.0
278.000000 79.545519 155.558506 -17.587307 0.0 0.0 0.0 1.0
279.000000 78.669832 156.834189 -17.275518 0.0 0.0 0.0 1.0
280.000000 77.931921 158.102466 -16.693824 0.0 0.0 0.0 1.0
281.000000 77.181123 159.416616 -16.245805 0.0 0.0 0.0 1.0
282.000000 76.471738 160.731836 -15.733234 0.0 0.0 0.0 1.0
283.000000 75.835305 162.119048 -15.315044 0.0 0.0 0.0 1.0
284.000000 75.169138 163.453303 -14.777813 0.0 0.0 0.0 1.0
285.000000 74.846271 164.801334 -14.002207 0.0 0.0 0.0 1.0
286.000000 74.439079 166.138388 -13.237537 0.0 0.0 0.0 1.0
287.000000 74.300363 167.451571 -12.334648 0.0 0.0 0.0 1.0
288.000000 74.345450 168.816633 -11.488161 0.0 0.0 0.0 1.0
289.000000 74.455143 170.023077 -10.421688 0.0 0.0 0.0 1.0
290.000000 74.701421 171.179758 -9.312985 0.0 0.0 0.0 1.0
291.000000 75.162873 172.238541 -8.165206 0.0 0.0 0.0 1.0
292.000000 75.833340 173.170531 -7.000392 0.0 0.0 0.0 1.0
293.000000 76.522090 174.035418 -5.786112 0.0 0.0 0.0 1.0
294.000000 77.405863 174.833114 -4.646035 0.0 0.0 0.0 1.0
295.000000 78.217908 175.453422 -3.345375 0.0 0.0 0.0 1.0
296.000000 79.344089 175.972701 -2.242568 0.0 0.0 0.0 1.0
297.000000 78.801642 176.635225 -3.670420 0.0 0.0 0.0 1.0
298.000000 80.083326 177.332452 -2.857867 0.0 0.0 0.0 1.0
299.000000 81.367405 177.642355 -1.828232 0.0 0.0 0.0 1.0
300.000000 82.743912 177.712174 -0.868517 0.0 0.0 0.0 1.0
301.000000 84.288195 177.573889 -0.209924 0.0 0.0 0.0 1.0
302.000000 85.773930 177.347108 0.562801 0.0 0.0 0.0 1.0
303.000000 87.194977 177.098206 1.451479 0.0 0.0 0.0 1.0
304.000000 88.625094 176.729019 2.287477 0.0 0.0 0.0 1.0
305.000000 90.117122 176.220774 2.921284 0.0 0.0 0.0 1.0
306.000000 91.600246 175.512945 3.360622 0.0 0.0 0.0 1.0
307.000000 93.033543 174.700273 3.796961 0.0 0.0 0.0 1.0
308.000000 94.424193 173.771826 4.149339 0.0 0.0 0.0 1.0
309.000000 95.785675 172.796422 4.513478 0.0 0.0 0.0 1.0
310.000000 97.063997 171.683759 4.805470 0.0 0.0 0.0 1.0
311.000000 98.334092 170.515427 4.785762 0.0 0.0 0.0 1.0
312.000000 99.535108 169.267912 4.834513 0.0 0.0 0.0 1.0
313.000000 100.659891 167.941277 4.848555 0.0 0.0 0.0 1.0
314.000000 101.687955 166.536521 4.703824 0.0 0.0 0.0 1.0
315.000000 102.877497 165.394699 4.105041 0.0 0.0 0.0 1.0
316.000000 103.324197 166.860771 3.237265 0.0 0.0 0.0 1.0
317.000000 104.274982 165.552591 2.523669 0.0 0.0 0.0 1.0
318.000000 105.110113 164.189440 1.755325 0.0 0.0 0.0 1.0
319.000000 105.878359 162.741549 1.062631 0.0 0.0 0.0 1.0
320.000000 106.419609 161.260314 0.226907 0.0 0.0 0.0 1.0
321.000000 106.987545 159.813897 -0.660136 0.0 0.0 0.0 1.0
322.000000 107.353967 158.329885 -1.597266 0.0 0.0 0.0 1.0
323.000000 107.662852 156.861632 -2.584696 0.0 0.0 0.0 1.0
324.000000 107.801839 155.433835 -3.671520 0.0 0.0 0.0 1.0
325.000000 107.643924 153.978252 -4.725914 0.0 0.0 0.0 1.0
326.000000 107.408396 152.573816 -5.842313 0.0 0.0 0.0 1.0
327.000000 107.000867 151.201472 -6.958515 0.0 0.0 0.0 1.0
328.000000 106.542456 149.857306 -8.098915 0.0 0.0 0.0 1.0
329.000000 105.816408 148.612068 -9.222504 0.0 0.0 0.0 1.0
330.000000 105.049615 147.420377 -10.386496 0.0 0.0 0.0 1.0
331.000000 103.993447 146.221583 -11.299832 0.0 0.0 0.0 1.0
332.000000 103.188918 144.954826 -12.376390 0.0 0.0 0.0 1.0
333.000000 102.479458 143.674784 -13.510685 0.0 0.0 0.0 1.0
334.000000 101.915490 142.158760 -14.414310 0.0 0.0 0.0 1.0
335.000000 102.076454 140.761771 -15.621212 0.0 0.0 0.0 1.0
336.000000 102.249636 139.271489 -16.709095 0.0 0.0 0.0 1.0
337.000000 102.379485 137.764484 -17.780380 0.0 0.0 0.0 1.0
338.000000 102.674514 136.275042 -18.844319 0.0 0.0 0.0 1.0
339.000000 102.897289 134.740233 -19.862561 0.0 0.0 0.0 1.0
340.000000 103.099758 133.228873 -20.921602 0.0 0.0 0.0 1.0
341.000000 103.278970 131.781194 -22.070733 0.0 0.0 0.0 1.0
342.000000 103.431878 130.287638 -23.163574 0.0 0.0 0.0 1.0
343.000000 103.608167 128.783786 -24.238630 0.0 0.0 0.0 1.0
344.000000 103.864290 127.314450 -25.344905 0.0 0.0 0.0 1.0
345.000000 103.987252 125.837513 -26.462663 0.0 0.0 0.0 1.0
346.000000 104.215767 124.345972 -27.543777 0.0 0.0 0.0 1.0
347.000000 104.568976 122.876033 -28.620887 0.0 0.0 0.0 1.0
348.000000 105.072985 121.421767 -29.658509 0.0 0.0 0.0 1.0
349.000000 105.786285 120.007452 -30.626231 0.0 0.0 0.0 1.0
350.000000 106.593904 118.637748 -31.583955 0.0 0.0 0.0 1.0
351.000000 107.461893 117.307756 -32.544834 0.0 0.0 0.0 1.0
352.000000 108.496552 115.922249 -33.220275 0.0 0.0 0.0 1.0
353.000000 109.519273 114.576331 -33.989352 0.0 0.0 0.0 1.0
354.000000 110.603043 113.288580 -34.776349 0.0 0.0 0.0 1.0
355.000000 111.569056 111.942736 -35.617626 0.0 0.0 0.0 1.0
356.000000 112.592956 110.622173 -36.430010 0.0 0.0 0.0 1.0
357.000000 113.697421 109.368287 -37.242509 0.0 0.0 0.0 1.0
358.000000 114.760129 108.116834 -38.111770 0.0 0.0 0.0 1.0
359.000000 115.814478 107.010047 -39.165191 0.0 0.0 0.0 1.0
360.000000 116.892416 105.932414 -40.221051 0.0 0.0 0.0 1.0
361.000000 118.036868 104.972191 -41.308713 0.0 0.0 0.0 1.0
362.000000 119.227399 103.965381 -42.275596 0.0 0.0 0.0 1.0
363.000000 120.306113 103.133084 -43.473521 0.0 0.0 0.0 1.0
364.000000 121.369894 102.376954 -44.695732 0.0 0.0 0.0 1.0
365.000000 122.387825 101.707162 -45.966064 0.0 0.0 0.0 1.0
366.000000 122.901660 101.684763 -47.618356 0.0 0.0 0.0 1.0
367.000000 124.323797 101.155170 -48.365435 0.0 0.0 0.0 1.0
368.000000 125.172140 100.645291 -49.676222 0.0 0.0 0.0 1.0
369.000000 126.172436 100.346121 -50.876275 0.0 0.0 0.0 1.0
370.000000 126.849943 100.324804 -52.222369 0.0 0.0 0.0 1.0
371.000000 127.798821 99.858179 -53.188542 0.0 0.0 0.0 1.0
372.000000 128.408644 99.773234 -54.440570 0.0 0.0 0.0 1.0
373.000000 129.155050 99.440306 -55.526200 0.0 0.0 0.0 1.0
374.000000 129.814598 98.804243 -56.484701 0.0 0.0 0.0 1.0
375.000000 130.628189 98.199207 -57.294161 0.0 0.0 0.0 1.0
376.000000 131.443818 97.480020 -57.962426 0.0 0.0 0.0 1.0
377.000000 132.343264 96.889481 -58.616613 0.0 0.0 0.0 1.0
378.000000 133.088294 96.135428 -59.271549 0.0 0.0 0.0 1.0
379.000000 133.918351 95.639522 -60.041308 0.0 0.0 0.0 1.0
380.000000 134.659935 94.862611 -60.638627 0.0 0.0 0.0 1.0
381.000000 135.381062 94.113877 -61.287102 0.0 0.0 0.0 1.0
382.000000 136.095583 93.324100 -61.892793 0.0 0.0 0.0 1.0
383.000000 136.879520 92.747911 -62.637505 0.0 0.0 0.0 1.0
384.000000 137.317081 92.307923 -63.693961 0.0 0.0 0.0 1.0
385.000000 138.029135 91.490364 -64.266083 0.0 0.0 0.0 1.0
386.000000 138.757981 90.602440 -64.694771 0.0 0.0 0.0 1.0
387.000000 139.459601 89.681438 -65.109055 0.0 0.0 0.0 1.0
388.000000 140.058152 88.676424 -65.532606 0.0 0.0 0.0 1.0
389.000000 140.679950 87.655875 -65.970050 0.0 0.0 0.0 1.0
390.000000 141.338881 86.594738 -66.390189 0.0 0.0 0.0 1.0
391.000000 141.970467 85.480112 -66.891515 0.0 0.0 0.0 1.0
392.000000 142.672191 84.326498 -67.391770 0.0 0.0 0.0 1.0
393.000000 143.229783 83.154457 -68.143734 0.0 0.0 0.0 1.0
