0.000000 -0.752932 1.383811 0.133512 0.0 0.0 0.0 1.0
1.000000 -1.165587 2.221070 0.166872 0.0 0.0 0.0 1.0
2.000000 -1.636373 3.167933 0.205992 0.0 0.0 0.0 1.0
3.000000 -2.148500 4.185120 0.244500 0.0 0.0 0.0 1.0
4.000000 -2.713582 5.264854 0.281727 0.0 0.0 0.0 1.0
5.000000 -3.317357 6.389869 0.314714 0.0 0.0 0.0 1.0
6.000000 -3.915664 7.550266 0.340427 0.0 0.0 0.0 1.0
7.000000 -4.484218 8.708986 0.358588 0.0 0.0 0.0 1.0
8.000000 -5.037893 9.863510 0.370146 0.0 0.0 0.0 1.0
9.000000 -5.597658 11.032692 0.377587 0.0 0.0 0.0 1.0
10.000000 -6.157423 12.208228 0.381579 0.0 0.0 0.0 1.0
11.000000 -6.717188 13.390055 0.380630 0.0 0.0 0.0 1.0
12.000000 -7.276952 14.560052 0.379117 0.0 0.0 0.0 1.0
13.000000 -7.836717 15.745604 0.382834 0.0 0.0 0.0 1.0
14.000000 -8.386445 16.919730 0.395549 0.0 0.0 0.0 1.0
15.000000 -8.964439 18.088457 0.410139 0.0 0.0 0.0 1.0
16.000000 -9.604055 19.285495 0.416045 0.0 0.0 0.0 1.0
17.000000 -10.310300 20.577025 0.406241 0.0 0.0 0.0 1.0
18.000000 -11.100015 22.072897 0.384986 0.0 0.0 0.0 1.0
19.000000 -11.967047 23.715109 0.365920 0.0 0.0 0.0 1.0
20.000000 -12.888531 25.439794 0.359339 0.0 0.0 0.0 1.0
21.000000 -13.831480 27.221216 0.363628 0.0 0.0 0.0 1.0
22.000000 -14.745169 29.040014 0.371213 0.0 0.0 0.0 1.0
23.000000 -15.620193 30.894520 0.376572 0.0 0.0 0.0 1.0
24.000000 -16.483302 32.723113 0.378436 0.0 0.0 0.0 1.0
25.000000 -17.335939 34.571579 0.380592 0.0 0.0 0.0 1.0
26.000000 -18.161295 36.420577 0.383920 0.0 0.0 0.0 1.0
27.000000 -18.953960 38.311729 0.389492 0.0 0.0 0.0 1.0
28.000000 -19.696188 40.259746 0.400266 0.0 0.0 0.0 1.0
29.000000 -20.324417 42.229194 0.415798 0.0 0.0 0.0 1.0
30.000000 -20.822530 44.211990 0.434311 0.0 0.0 0.0 1.0
31.000000 -21.241570 46.209670 0.453552 0.0 0.0 0.0 1.0
32.000000 -21.626911 48.199304 0.475528 0.0 0.0 0.0 1.0
33.000000 -22.012439 50.160703 0.497649 0.0 0.0 0.0 1.0
34.000000 -22.385657 52.118317 0.515725 0.0 0.0 0.0 1.0
35.000000 -22.754871 54.058069 0.527668 0.0 0.0 0.0 1.0
36.000000 -23.122789 55.992668 0.536076 0.0 0.0 0.0 1.0
37.000000 -23.460545 57.936236 0.540680 0.0 0.0 0.0 1.0
38.000000 -23.734611 59.877688 0.538791 0.0 0.0 0.0 1.0
39.000000 -23.998569 61.821671 0.529512 0.0 0.0 0.0 1.0
40.000000 -24.262280 63.785772 0.515937 0.0 0.0 0.0 1.0
41.000000 -24.533740 65.768677 0.499798 0.0 0.0 0.0 1.0
42.000000 -24.757317 67.766796 0.486192 0.0 0.0 0.0 1.0
43.000000 -24.950379 69.732168 0.477068 0.0 0.0 0.0 1.0
44.000000 -25.123834 71.689491 0.470375 0.0 0.0 0.0 1.0
45.000000 -25.291977 73.682535 0.459459 0.0 0.0 0.0 1.0
46.000000 -25.448389 75.773130 0.443288 0.0 0.0 0.0 1.0
47.000000 -25.594541 77.938902 0.428351 0.0 0.0 0.0 1.0
48.000000 -25.707519 80.140733 0.426133 0.0 0.0 0.0 1.0
49.000000 -25.779521 82.296692 0.437193 0.0 0.0 0.0 1.0
50.000000 -25.759027 84.448622 0.451793 0.0 0.0 0.0 1.0
51.000000 -25.630891 86.618870 0.463436 0.0 0.0 0.0 1.0
52.000000 -25.397601 88.747153 0.472086 0.0 0.0 0.0 1.0
53.000000 -25.057538 90.843528 0.483647 0.0 0.0 0.0 1.0
54.000000 -24.592569 92.889969 0.496406 0.0 0.0 0.0 1.0
55.000000 -24.008431 94.859475 0.511761 0.0 0.0 0.0 1.0
56.000000 -23.306170 96.726134 0.530776 0.0 0.0 0.0 1.0
57.000000 -22.472457 98.509145 0.548382 0.0 0.0 0.0 1.0
58.000000 -21.537418 100.192726 0.550476 0.0 0.0 0.0 1.0
59.000000 -20.540230 101.705110 0.560127 0.0 0.0 0.0 1.0
60.000000 -19.497167 103.061023 0.607355 0.0 0.0 0.0 1.0
61.000000 -18.412611 104.276282 0.688598 0.0 0.0 0.0 1.0
62.000000 -17.308074 105.398379 0.770400 0.0 0.0 0.0 1.0
63.000000 -16.162234 106.417973 0.822599 0.0 0.0 0.0 1.0
64.000000 -14.995657 107.311693 0.859160 0.0 0.0 0.0 1.0
65.000000 -13.839086 108.093819 0.887382 0.0 0.0 0.0 1.0
66.000000 -12.691111 108.789561 0.905669 0.0 0.0 0.0 1.0
67.000000 -11.552798 109.395496 0.916698 0.0 0.0 0.0 1.0
68.000000 -10.409154 109.913261 0.922797 0.0 0.0 0.0 1.0
69.000000 -9.271489 110.340109 0.924390 0.0 0.0 0.0 1.0
70.000000 -8.123394 110.686327 0.924158 0.0 0.0 0.0 1.0
71.000000 -6.956465 110.965342 0.924226 0.0 0.0 0.0 1.0
72.000000 -5.766318 111.181949 0.922141 0.0 0.0 0.0 1.0
73.000000 -4.571300 111.324878 0.911276 0.0 0.0 0.0 1.0
74.000000 -3.279666 111.390474 0.890157 0.0 0.0 0.0 1.0
75.000000 -1.824373 111.410318 0.862977 0.0 0.0 0.0 1.0
76.000000 -0.166167 111.397414 0.837564 0.0 0.0 0.0 1.0
77.000000 1.640815 111.331951 0.815444 0.0 0.0 0.0 1.0
78.000000 3.606395 111.179504 0.802672 0.0 0.0 0.0 1.0
79.000000 5.688822 110.937513 0.812739 0.0 0.0 0.0 1.0
80.000000 7.905699 110.586231 0.845379 0.0 0.0 0.0 1.0
81.000000 10.174636 110.085681 0.895257 0.0 0.0 0.0 1.0
82.000000 12.469942 109.437873 0.951685 0.0 0.0 0.0 1.0
83.000000 14.711871 108.658052 1.002516 0.0 0.0 0.0 1.0
84.000000 16.911019 107.732267 1.038103 0.0 0.0 0.0 1.0
85.000000 19.064327 106.614221 1.052958 0.0 0.0 0.0 1.0
86.000000 21.166222 105.309579 1.054844 0.0 0.0 0.0 1.0
87.000000 23.193634 103.897553 1.054149 0.0 0.0 0.0 1.0
88.000000 25.142113 102.402503 1.061125 0.0 0.0 0.0 1.0
89.000000 26.982747 100.819127 1.076868 0.0 0.0 0.0 1.0
90.000000 28.727839 99.121110 1.095294 0.0 0.0 0.0 1.0
91.000000 30.399259 97.299490 1.104461 0.0 0.0 0.0 1.0
92.000000 31.977278 95.390205 1.106799 0.0 0.0 0.0 1.0
93.000000 33.499509 93.384366 1.104904 0.0 0.0 0.0 1.0
94.000000 34.973988 91.364723 1.096906 0.0 0.0 0.0 1.0
95.000000 36.404810 89.435957 1.078691 0.0 0.0 0.0 1.0
96.000000 37.749062 87.637579 1.056312 0.0 0.0 0.0 1.0
97.000000 39.027371 85.934427 1.027591 0.0 0.0 0.0 1.0
98.000000 40.263992 84.316603 0.988203 0.0 0.0 0.0 1.0
99.000000 41.443147 82.765388 0.937073 0.0 0.0 0.0 1.0
100.000000 42.549756 81.283935 0.888066 0.0 0.0 0.0 1.0
101.000000 43.621407 79.904305 0.841984 0.0 0.0 0.0 1.0
102.000000 44.715873 78.685105 0.791889 0.0 0.0 0.0 1.0
103.000000 45.894728 77.651160 0.749036 0.0 0.0 0.0 1.0
104.000000 47.106100 76.836647 0.727438 0.0 0.0 0.0 1.0
105.000000 48.337796 76.231883 0.729623 0.0 0.0 0.0 1.0
106.000000 49.558349 75.814951 0.745082 0.0 0.0 0.0 1.0
107.000000 50.827875 75.562398 0.762776 0.0 0.0 0.0 1.0
108.000000 52.154010 75.517972 0.636213 0.0 0.0 0.0 1.0
109.000000 53.521449 75.719923 0.103839 0.0 0.0 0.0 1.0
110.000000 54.847473 76.161692 -0.919344 0.0 0.0 0.0 1.0
111.000000 56.006473 76.887870 -2.173145 0.0 0.0 0.0 1.0
112.000000 56.870760 77.845728 -3.315126 0.0 0.0 0.0 1.0
113.000000 57.428834 78.908946 -4.075976 0.0 0.0 0.0 1.0
114.000000 57.721363 79.980638 -4.452513 0.0 0.0 0.0 1.0
115.000000 57.755306 81.087234 -4.476995 0.0 0.0 0.0 1.0
116.000000 57.591891 82.236801 -4.077202 0.0 0.0 0.0 1.0
117.000000 57.318464 83.405809 -3.031349 0.0 0.0 0.0 1.0
118.000000 56.944433 84.675074 -1.269040 0.0 0.0 0.0 1.0
119.000000 56.419982 86.161861 0.921498 0.0 0.0 0.0 1.0
120.000000 55.686067 87.888574 3.178686 0.0 0.0 0.0 1.0
121.000000 54.736544 89.724834 5.259499 0.0 0.0 0.0 1.0
122.000000 53.567809 91.519978 7.048500 0.0 0.0 0.0 1.0
123.000000 52.197155 93.146843 8.288494 0.0 0.0 0.0 1.0
124.000000 50.697708 94.525014 8.872017 0.0 0.0 0.0 1.0
125.000000 49.154739 95.670372 8.987259 0.0 0.0 0.0 1.0
126.000000 47.612909 96.683796 8.943807 0.0 0.0 0.0 1.0
127.000000 46.112842 97.640911 8.950131 0.0 0.0 0.0 1.0
128.000000 44.701150 98.528513 8.925740 0.0 0.0 0.0 1.0
129.000000 43.332474 99.346929 8.873814 0.0 0.0 0.0 1.0
130.000000 41.975184 100.117082 8.806324 0.0 0.0 0.0 1.0
131.000000 40.636644 100.809966 8.741084 0.0 0.0 0.0 1.0
132.000000 39.292725 101.410778 8.696203 0.0 0.0 0.0 1.0
133.000000 37.972030 101.946391 8.669299 0.0 0.0 0.0 1.0
134.000000 36.663678 102.424417 8.640623 0.0 0.0 0.0 1.0
135.000000 35.392178 102.906214 8.599115 0.0 0.0 0.0 1.0
136.000000 34.146139 103.348801 8.551338 0.0 0.0 0.0 1.0
137.000000 32.939787 103.761710 8.501098 0.0 0.0 0.0 1.0
138.000000 31.741293 104.179608 8.462985 0.0 0.0 0.0 1.0
139.000000 30.581529 104.584763 8.447077 0.0 0.0 0.0 1.0
140.000000 29.464320 104.952694 8.459411 0.0 0.0 0.0 1.0
141.000000 28.381419 105.275345 8.462863 0.0 0.0 0.0 1.0
142.000000 27.338928 105.612500 8.487719 0.0 0.0 0.0 1.0
143.000000 26.310678 105.992856 8.709919 0.0 0.0 0.0 1.0
144.000000 25.331533 106.334104 9.350823 0.0 0.0 0.0 1.0
145.000000 24.385256 106.661383 10.139635 0.0 0.0 0.0 1.0
146.000000 23.474452 106.941233 11.006151 0.0 0.0 0.0 1.0
147.000000 22.598919 107.192942 11.730095 0.0 0.0 0.0 1.0
148.000000 21.736880 107.394800 12.295925 0.0 0.0 0.0 1.0
149.000000 20.917560 107.610452 12.861889 0.0 0.0 0.0 1.0
150.000000 20.120459 107.832304 13.481785 0.0 0.0 0.0 1.0
151.000000 19.361804 108.056320 14.473924 0.0 0.0 0.0 1.0
152.000000 18.641257 108.272308 15.679727 0.0 0.0 0.0 1.0
153.000000 17.952840 108.441153 16.867106 0.0 0.0 0.0 1.0
154.000000 17.266812 108.593027 17.827279 0.0 0.0 0.0 1.0
155.000000 16.619222 108.682402 18.618754 0.0 0.0 0.0 1.0
156.000000 16.010080 108.762215 19.345344 0.0 0.0 0.0 1.0
157.000000 15.437408 108.805532 20.075864 0.0 0.0 0.0 1.0
158.000000 14.891433 108.840294 20.824208 0.0 0.0 0.0 1.0
159.000000 14.356744 108.868484 21.725965 0.0 0.0 0.0 1.0
160.000000 13.843935 108.873425 22.528782 0.0 0.0 0.0 1.0
161.000000 13.363401 108.869005 23.143497 0.0 0.0 0.0 1.0
162.000000 12.910679 108.877174 23.537464 0.0 0.0 0.0 1.0
163.000000 12.479320 108.907656 23.739186 0.0 0.0 0.0 1.0
164.000000 12.059393 108.948811 23.631640 0.0 0.0 0.0 1.0
165.000000 11.637430 108.954729 23.235417 0.0 0.0 0.0 1.0
166.000000 11.226319 108.949441 22.321709 0.0 0.0 0.0 1.0
167.000000 10.832487 108.949467 20.796399 0.0 0.0 0.0 1.0
168.000000 10.475024 108.949500 18.830829 0.0 0.0 0.0 1.0
169.000000 10.136319 108.955410 16.859841 0.0 0.0 0.0 1.0
170.000000 9.814900 108.950357 15.074319 0.0 0.0 0.0 1.0
171.000000 9.495937 108.925862 13.396191 0.0 0.0 0.0 1.0
172.000000 9.166935 108.905887 11.841663 0.0 0.0 0.0 1.0
173.000000 8.818327 108.875659 10.419961 0.0 0.0 0.0 1.0
174.000000 8.432744 108.853999 9.146175 0.0 0.0 0.0 1.0
175.000000 7.972410 108.869827 8.042683 0.0 0.0 0.0 1.0
176.000000 7.439701 108.909259 7.069986 0.0 0.0 0.0 1.0
177.000000 6.803564 108.996316 6.173614 0.0 0.0 0.0 1.0
178.000000 6.117848 109.085443 5.368112 0.0 0.0 0.0 1.0
179.000000 5.357026 109.226891 4.681413 0.0 0.0 0.0 1.0
180.000000 4.553853 109.439259 4.159625 0.0 0.0 0.0 1.0
181.000000 3.703265 109.742818 3.851095 0.0 0.0 0.0 1.0
182.000000 2.854304 110.102594 3.715763 0.0 0.0 0.0 1.0
183.000000 2.025892 110.513082 3.682849 0.0 0.0 0.0 1.0
184.000000 1.183223 110.993528 3.662348 0.0 0.0 0.0 1.0
185.000000 0.333132 111.507778 3.644259 0.0 0.0 0.0 1.0
186.000000 -0.486901 112.044651 3.623163 0.0 0.0 0.0 1.0
187.000000 -1.261078 112.572131 3.672071 0.0 0.0 0.0 1.0
188.000000 -1.959326 113.080602 3.908470 0.0 0.0 0.0 1.0
189.000000 -2.611754 113.552002 4.425820 0.0 0.0 0.0 1.0
190.000000 -3.203297 114.007176 5.199080 0.0 0.0 0.0 1.0
191.000000 -3.725277 114.454923 6.112583 0.0 0.0 0.0 1.0
192.000000 -13.311621 126.767364 21.701837 0.0 0.0 0.0 1.0
193.000000 -14.544840 127.817446 21.658433 0.0 0.0 0.0 1.0
194.000000 -15.884121 128.942495 21.636760 0.0 0.0 0.0 1.0
195.000000 -17.253550 130.086359 21.621493 0.0 0.0 0.0 1.0
196.000000 -18.561430 131.189855 21.608615 0.0 0.0 0.0 1.0
197.000000 -19.750153 132.232359 21.596907 0.0 0.0 0.0 1.0
198.000000 -20.772581 133.204682 21.579696 0.0 0.0 0.0 1.0
199.000000 -21.688607 134.132746 21.564055 0.0 0.0 0.0 1.0
200.000000 -22.517084 134.989101 21.534185 0.0 0.0 0.0 1.0
201.000000 -23.257368 135.800241 21.359240 0.0 0.0 0.0 1.0
202.000000 -23.898063 136.610521 20.675900 0.0 0.0 0.0 1.0
203.000000 -24.525964 137.466237 19.624052 0.0 0.0 0.0 1.0
204.000000 -25.189482 138.326439 18.602791 0.0 0.0 0.0 1.0
205.000000 -25.919756 139.171807 18.035894 0.0 0.0 0.0 1.0
206.000000 -26.742580 140.063937 17.878082 0.0 0.0 0.0 1.0
207.000000 -27.681059 141.093831 17.856610 0.0 0.0 0.0 1.0
208.000000 -28.715075 142.286897 17.868487 0.0 0.0 0.0 1.0
209.000000 -29.802018 143.589928 17.875020 0.0 0.0 0.0 1.0
210.000000 -30.948966 144.946036 17.885321 0.0 0.0 0.0 1.0
211.000000 -32.143745 146.368970 17.889031 0.0 0.0 0.0 1.0
212.000000 -33.374085 147.840057 17.876211 0.0 0.0 0.0 1.0
213.000000 -34.618026 149.390359 17.841305 0.0 0.0 0.0 1.0
214.000000 -35.855729 150.991805 17.683471 0.0 0.0 0.0 1.0
215.000000 -37.077227 152.659009 17.317120 0.0 0.0 0.0 1.0
216.000000 -38.301762 154.350864 16.795891 0.0 0.0 0.0 1.0
217.000000 -39.525824 156.052816 16.313607 0.0 0.0 0.0 1.0
218.000000 -40.748236 157.733839 15.995956 0.0 0.0 0.0 1.0
219.000000 -41.954551 159.390263 15.788557 0.0 0.0 0.0 1.0
220.000000 -43.195019 160.989071 15.597169 0.0 0.0 0.0 1.0
221.000000 -44.495234 162.544197 15.377075 0.0 0.0 0.0 1.0
222.000000 -45.856449 164.098731 15.140801 0.0 0.0 0.0 1.0
223.000000 -47.225609 165.650698 14.902703 0.0 0.0 0.0 1.0
224.000000 -48.606225 167.106340 14.666030 0.0 0.0 0.0 1.0
225.000000 -50.031452 168.516460 14.429913 0.0 0.0 0.0 1.0
226.000000 -51.521652 169.876695 14.196322 0.0 0.0 0.0 1.0
227.000000 -53.007070 171.232553 13.993401 0.0 0.0 0.0 1.0
228.000000 -54.481330 172.547032 13.834890 0.0 0.0 0.0 1.0
229.000000 -55.951952 173.821121 13.702136 0.0 0.0 0.0 1.0
230.000000 -57.411712 175.030340 13.582868 0.0 0.0 0.0 1.0
231.000000 -58.829161 176.162406 13.420051 0.0 0.0 0.0 1.0
232.000000 -60.196568 177.251081 13.097133 0.0 0.0 0.0 1.0
233.000000 -61.516569 178.333444 12.483918 0.0 0.0 0.0 1.0
234.000000 -62.785117 179.385544 11.611369 0.0 0.0 0.0 1.0
235.000000 -63.994111 180.398249 10.607966 0.0 0.0 0.0 1.0
236.000000 -65.231757 181.445513 9.546977 0.0 0.0 0.0 1.0
237.000000 -66.508918 182.486698 8.654513 0.0 0.0 0.0 1.0
238.000000 -67.930641 183.606495 8.087936 0.0 0.0 0.0 1.0
239.000000 -69.492607 184.822186 7.920715 0.0 0.0 0.0 1.0
240.000000 -71.229036 186.237684 7.929248 0.0 0.0 0.0 1.0
241.000000 -73.064974 187.842270 7.956325 0.0 0.0 0.0 1.0
242.000000 -74.774717 189.557827 8.000301 0.0 0.0 0.0 1.0
243.000000 -76.240874 191.338052 8.054010 0.0 0.0 0.0 1.0
244.000000 -77.338795 192.986908 8.099097 0.0 0.0 0.0 1.0
245.000000 -77.979666 194.272483 8.135333 0.0 0.0 0.0 1.0
246.000000 -78.191344 195.044148 8.171219 0.0 0.0 0.0 1.0
247.000000 -78.206339 195.495464 8.205358 0.0 0.0 0.0 1.0
248.000000 -78.145127 195.853270 8.221269 0.0 0.0 0.0 1.0
249.000000 -78.014418 196.260563 8.225558 0.0 0.0 0.0 1.0
250.000000 -77.743775 196.802947 8.227642 0.0 0.0 0.0 1.0
251.000000 -77.345142 197.496379 8.224356 0.0 0.0 0.0 1.0
252.000000 -76.900292 198.345322 8.213779 0.0 0.0 0.0 1.0
253.000000 -76.562339 199.339036 8.202972 0.0 0.0 0.0 1.0
254.000000 -76.469145 200.457984 8.201351 0.0 0.0 0.0 1.0
255.000000 -76.668450 201.593397 8.206060 0.0 0.0 0.0 1.0
256.000000 -77.135160 202.630942 8.201426 0.0 0.0 0.0 1.0
257.000000 -77.819450 203.534929 8.177744 0.0 0.0 0.0 1.0
258.000000 -78.683715 204.402110 8.135135 0.0 0.0 0.0 1.0
259.000000 -79.723859 205.380618 8.087292 0.0 0.0 0.0 1.0
260.000000 -80.973139 206.506442 8.056499 0.0 0.0 0.0 1.0
261.000000 -82.460336 207.720026 8.049236 0.0 0.0 0.0 1.0
262.000000 -84.133653 208.877924 8.061655 0.0 0.0 0.0 1.0
263.000000 -85.913891 209.795255 8.089157 0.0 0.0 0.0 1.0
264.000000 -87.842827 210.512910 8.136192 0.0 0.0 0.0 1.0
265.000000 -89.898926 211.143549 8.189341 0.0 0.0 0.0 1.0
266.000000 -92.119501 211.778680 8.226917 0.0 0.0 0.0 1.0
267.000000 -94.511666 212.460191 8.230838 0.0 0.0 0.0 1.0
268.000000 -97.040538 213.172278 8.220118 0.0 0.0 0.0 1.0
269.000000 -99.716346 213.964202 8.218388 0.0 0.0 0.0 1.0
270.000000 -102.491116 214.815235 8.240250 0.0 0.0 0.0 1.0
271.000000 -105.367082 215.731002 8.288269 0.0 0.0 0.0 1.0
272.000000 -108.287096 216.680716 8.345418 0.0 0.0 0.0 1.0
273.000000 -111.262758 217.629887 8.397891 0.0 0.0 0.0 1.0
274.000000 -114.285234 218.569984 8.436517 0.0 0.0 0.0 1.0
275.000000 -117.326637 219.509194 8.462177 0.0 0.0 0.0 1.0
276.000000 -120.342324 220.455711 8.483792 0.0 0.0 0.0 1.0
277.000000 -123.325212 221.407311 8.493468 0.0 0.0 0.0 1.0
278.000000 -126.269325 222.323725 8.477678 0.0 0.0 0.0 1.0
279.000000 -129.111191 223.195459 8.433248 0.0 0.0 0.0 1.0
280.000000 -131.783795 224.015210 8.376615 0.0 0.0 0.0 1.0
281.000000 -134.262025 224.848571 8.321342 0.0 0.0 0.0 1.0
282.000000 -136.498999 225.690886 8.252750 0.0 0.0 0.0 1.0
283.000000 -138.508413 226.542366 8.152179 0.0 0.0 0.0 1.0
284.000000 -140.279735 227.408611 8.016322 0.0 0.0 0.0 1.0
285.000000 -141.801497 228.317968 7.865297 0.0 0.0 0.0 1.0
286.000000 -143.074530 229.274257 7.715768 0.0 0.0 0.0 1.0
287.000000 -144.100039 230.282909 7.567301 0.0 0.0 0.0 1.0
288.000000 -144.922125 231.324948 7.414987 0.0 0.0 0.0 1.0
289.000000 -145.652942 232.441579 7.263409 0.0 0.0 0.0 1.0
290.000000 -146.289871 233.700723 7.122746 0.0 0.0 0.0 1.0
291.000000 -146.792896 235.120658 6.993451 0.0 0.0 0.0 1.0
292.000000 -147.139440 236.675557 6.874144 0.0 0.0 0.0 1.0
293.000000 -147.313699 238.322347 6.758836 0.0 0.0 0.0 1.0
294.000000 -147.322836 240.050955 6.646230 0.0 0.0 0.0 1.0
295.000000 -147.147423 241.893046 6.538351 0.0 0.0 0.0 1.0
296.000000 -146.799908 243.791317 6.438158 0.0 0.0 0.0 1.0
297.000000 -146.255713 245.712627 6.340187 0.0 0.0 0.0 1.0
298.000000 -145.523230 247.616695 6.234236 0.0 0.0 0.0 1.0
299.000000 -144.602275 249.538518 6.120604 0.0 0.0 0.0 1.0
300.000000 -143.484400 251.403406 6.026719 0.0 0.0 0.0 1.0
301.000000 -142.197363 253.196198 5.968842 0.0 0.0 0.0 1.0
302.000000 -140.747946 254.819470 5.933318 0.0 0.0 0.0 1.0
303.000000 -139.146737 256.298994 5.886847 0.0 0.0 0.0 1.0
304.000000 -137.380915 257.609344 5.816138 0.0 0.0 0.0 1.0
305.000000 -135.486894 258.760248 5.724348 0.0 0.0 0.0 1.0
306.000000 -133.469484 259.760537 5.616683 0.0 0.0 0.0 1.0
307.000000 -131.346934 260.623797 5.495984 0.0 0.0 0.0 1.0
308.000000 -129.089776 261.369185 5.367143 0.0 0.0 0.0 1.0
309.000000 -126.695346 261.947992 5.230063 0.0 0.0 0.0 1.0
310.000000 -124.212450 262.350228 5.083825 0.0 0.0 0.0 1.0
311.000000 -121.654394 262.577012 4.927785 0.0 0.0 0.0 1.0
312.000000 -119.037864 262.668075 4.771251 0.0 0.0 0.0 1.0
313.000000 -116.360179 262.612528 4.624119 0.0 0.0 0.0 1.0
314.000000 -113.617341 262.365676 4.489637 0.0 0.0 0.0 1.0
315.000000 -110.855038 261.919659 4.362602 0.0 0.0 0.0 1.0
316.000000 -108.083008 261.252401 4.241841 0.0 0.0 0.0 1.0
317.000000 -105.356920 260.356074 4.129752 0.0 0.0 0.0 1.0
318.000000 -102.700854 259.238519 4.035332 0.0 0.0 0.0 1.0
319.000000 -100.183650 257.897706 3.957658 0.0 0.0 0.0 1.0
320.000000 -97.813137 256.370210 3.890834 0.0 0.0 0.0 1.0
321.000000 -95.610199 254.647193 3.815445 0.0 0.0 0.0 1.0
322.000000 -93.544605 252.778064 3.720520 0.0 0.0 0.0 1.0
323.000000 -91.649265 250.723258 3.610954 0.0 0.0 0.0 1.0
324.000000 -89.936223 248.514981 3.489037 0.0 0.0 0.0 1.0
325.000000 -88.455930 246.189120 3.361328 0.0 0.0 0.0 1.0
326.000000 -87.173520 243.749119 3.230254 0.0 0.0 0.0 1.0
327.000000 -86.096055 241.235313 3.099752 0.0 0.0 0.0 1.0
328.000000 -85.239351 238.627872 2.963738 0.0 0.0 0.0 1.0
329.000000 -84.604623 235.945211 2.826315 0.0 0.0 0.0 1.0
330.000000 -84.130320 233.191409 2.726689 0.0 0.0 0.0 1.0
331.000000 -83.711407 230.415478 2.686400 0.0 0.0 0.0 1.0
332.000000 -83.135010 227.702813 2.692941 0.0 0.0 0.0 1.0
333.000000 -82.240018 225.171573 2.701404 0.0 0.0 0.0 1.0
334.000000 -80.982212 222.938432 2.694758 0.0 0.0 0.0 1.0
335.000000 -79.490411 220.931313 2.675813 0.0 0.0 0.0 1.0
336.000000 -77.918529 219.014577 2.649561 0.0 0.0 0.0 1.0
337.000000 -76.303810 217.071811 2.623058 0.0 0.0 0.0 1.0
338.000000 -74.642455 215.103244 2.599239 0.0 0.0 0.0 1.0
339.000000 -72.932367 213.118470 2.588894 0.0 0.0 0.0 1.0
340.000000 -71.189789 211.156840 2.596353 0.0 0.0 0.0 1.0
341.000000 -69.441264 209.179270 2.613885 0.0 0.0 0.0 1.0
342.000000 -67.725949 207.242195 2.628301 0.0 0.0 0.0 1.0
343.000000 -66.075616 205.383613 2.629422 0.0 0.0 0.0 1.0
344.000000 -64.404621 203.482066 2.628989 0.0 0.0 0.0 1.0
345.000000 -62.738692 201.524919 2.629832 0.0 0.0 0.0 1.0
346.000000 -61.045570 199.535703 2.634244 0.0 0.0 0.0 1.0
347.000000 -59.341082 197.715367 2.635770 0.0 0.0 0.0 1.0
348.000000 -57.525274 196.146971 2.632458 0.0 0.0 0.0 1.0
349.000000 -55.559616 194.765165 2.625328 0.0 0.0 0.0 1.0
350.000000 -53.465865 193.506119 2.610834 0.0 0.0 0.0 1.0
351.000000 -51.224542 192.300808 2.592225 0.0 0.0 0.0 1.0
352.000000 -48.807566 191.130132 2.576303 0.0 0.0 0.0 1.0
353.000000 -46.203974 190.025772 2.570207 0.0 0.0 0.0 1.0
354.000000 -43.464718 188.970109 2.576632 0.0 0.0 0.0 1.0
355.000000 -40.574537 187.915929 2.598596 0.0 0.0 0.0 1.0
356.000000 -37.575727 186.869195 2.625583 0.0 0.0 0.0 1.0
357.000000 -34.542368 185.813852 2.672210 0.0 0.0 0.0 1.0
358.000000 -31.620674 184.791110 2.804197 0.0 0.0 0.0 1.0
359.000000 -28.804600 183.768491 3.083050 0.0 0.0 0.0 1.0
360.000000 -26.140867 182.806091 3.511871 0.0 0.0 0.0 1.0
361.000000 -23.637710 181.912343 4.060892 0.0 0.0 0.0 1.0
362.000000 -21.307679 181.073999 4.644364 0.0 0.0 0.0 1.0
363.000000 -19.157184 180.279374 5.269553 0.0 0.0 0.0 1.0
364.000000 -17.121886 179.562927 6.088764 0.0 0.0 0.0 1.0
365.000000 -15.220911 178.876423 7.116717 0.0 0.0 0.0 1.0
366.000000 -13.426840 178.212696 8.205047 0.0 0.0 0.0 1.0
367.000000 -10.153489 176.956908 9.958861 0.0 0.0 0.0 1.0
368.000000 -7.127416 175.853029 11.529001 0.0 0.0 0.0 1.0
369.000000 -5.703354 175.325762 12.308061 0.0 0.0 0.0 1.0
370.000000 -4.300571 174.805702 13.071244 0.0 0.0 0.0 1.0
371.000000 -2.924260 174.292948 13.761319 0.0 0.0 0.0 1.0
372.000000 -1.592047 173.807751 14.362168 0.0 0.0 0.0 1.0
373.000000 -0.312079 173.326592 14.804002 0.0 0.0 0.0 1.0
374.000000 0.951833 172.879663 15.163009 0.0 0.0 0.0 1.0
375.000000 2.207818 172.447985 15.440319 0.0 0.0 0.0 1.0
376.000000 3.446196 172.001264 15.653142 0.0 0.0 0.0 1.0
377.000000 4.658028 171.525485 15.798983 0.0 0.0 0.0 1.0
378.000000 5.854459 171.037790 15.877489 0.0 0.0 0.0 1.0
379.000000 7.045492 170.542324 15.923475 0.0 0.0 0.0 1.0
380.000000 8.249931 170.042366 15.919304 0.0 0.0 0.0 1.0
381.000000 9.515915 169.507351 15.890134 0.0 0.0 0.0 1.0
382.000000 10.913714 168.900820 15.863787 0.0 0.0 0.0 1.0
383.000000 12.509245 168.222139 15.858224 0.0 0.0 0.0 1.0
384.000000 14.374448 167.493968 15.783421 0.0 0.0 0.0 1.0
385.000000 16.486273 166.713078 15.481593 0.0 0.0 0.0 1.0
386.000000 18.797698 165.858373 14.882661 0.0 0.0 0.0 1.0
387.000000 21.232912 164.940646 13.932716 0.0 0.0 0.0 1.0
388.000000 23.770308 163.955984 12.717612 0.0 0.0 0.0 1.0
389.000000 26.407992 162.936082 11.368938 0.0 0.0 0.0 1.0
390.000000 29.153501 161.887837 10.108269 0.0 0.0 0.0 1.0
391.000000 31.994290 160.813793 8.976465 0.0 0.0 0.0 1.0
392.000000 34.908313 159.687963 7.847472 0.0 0.0 0.0 1.0
393.000000 37.858923 158.517605 6.680049 0.0 0.0 0.0 1.0
